node	time
121753	7.0	8.0	9.0	10.0	11.0	12.0	13.0	14.0	15.0	16.0	17.0	18.0	19.0	20.0	21.0	22.0	23.0	24.0	25.0	26.0	27.0
199544	7.0	8.0	9.0	10.0	11.0	12.0	13.0	14.0	15.0	16.0	17.0	18.0	19.0	20.0	21.0	22.0	23.0	24.0	25.0	26.0	27.0
175414	26.0	27.0
185134	26.0	27.0
185139	26.0	27.0
126343	24.0	25.0	26.0	27.0
113713	19.0	20.0	21.0	22.0	23.0	24.0	25.0	26.0	27.0
121042	19.0	20.0	21.0	22.0	23.0	24.0	25.0	26.0	27.0
127090	19.0	20.0	21.0	22.0	23.0	24.0	25.0	26.0	27.0
127912	19.0	20.0	21.0	22.0	23.0	24.0	25.0	26.0	27.0
268321	19.0	20.0	21.0	22.0	23.0	24.0	25.0	26.0	27.0
268322	19.0	20.0	21.0	22.0	23.0	24.0	25.0	26.0	27.0
268323	19.0	20.0	21.0	22.0	23.0	24.0	25.0	26.0	27.0
122193	19.0	20.0	21.0	22.0	23.0	24.0	25.0	26.0	27.0
124063	19.0	20.0	21.0	22.0	23.0	24.0	25.0	26.0	27.0
202798	1.0	2.0	3.0	4.0	5.0	6.0	7.0	8.0	9.0	10.0	11.0	12.0	13.0	14.0	15.0	16.0	17.0	18.0	19.0	20.0	21.0	22.0	23.0	24.0	25.0	26.0	27.0
178480	24.0	25.0	26.0	27.0
196449	24.0	25.0	26.0	27.0
272521	24.0	25.0	26.0	27.0
119735	24.0	25.0	26.0	27.0
117249	23.0	24.0	25.0	26.0	27.0
273822	23.0	24.0	25.0	26.0	27.0
182591	23.0	24.0	25.0	26.0	27.0
279281	23.0	24.0	25.0	26.0	27.0
123526	4.0	5.0	6.0	7.0	8.0	9.0	10.0	11.0	12.0	13.0	14.0	15.0	16.0	17.0	18.0	19.0	20.0	21.0	22.0	23.0	24.0	25.0	26.0	27.0
214940	4.0	5.0	6.0	7.0	8.0	9.0	10.0	11.0	12.0	13.0	14.0	15.0	16.0	17.0	18.0	19.0	20.0	21.0	22.0	23.0	24.0	25.0	26.0	27.0
285785	4.0	5.0	6.0	7.0	8.0	9.0	10.0	11.0	12.0	13.0	14.0	15.0	16.0	17.0	18.0	19.0	20.0	21.0	22.0	23.0	24.0	25.0	26.0	27.0
166433	6.0	7.0	8.0	9.0	10.0	11.0	12.0	13.0	14.0	15.0	16.0	17.0	18.0	19.0	20.0	21.0	22.0	23.0	24.0	25.0	26.0	27.0
285871	6.0	7.0	8.0	9.0	10.0	11.0	12.0	13.0	14.0	15.0	16.0	17.0	18.0	19.0	20.0	21.0	22.0	23.0	24.0	25.0	26.0	27.0
152895	9.0	10.0	11.0	12.0	13.0	14.0	15.0	16.0	17.0	18.0	19.0	20.0	21.0	22.0	23.0	24.0	25.0	26.0	27.0
204216	9.0	10.0	11.0	12.0	13.0	14.0	15.0	16.0	17.0	18.0	19.0	20.0	21.0	22.0	23.0	24.0	25.0	26.0	27.0
286659	9.0	10.0	11.0	12.0	13.0	14.0	15.0	16.0	17.0	18.0	19.0	20.0	21.0	22.0	23.0	24.0	25.0	26.0	27.0
116092	19.0	20.0	21.0	22.0	23.0	24.0	25.0	26.0	27.0
138238	19.0	20.0	21.0	22.0	23.0	24.0	25.0	26.0	27.0
145721	19.0	20.0	21.0	22.0	23.0	24.0	25.0	26.0	27.0
178075	19.0	20.0	21.0	22.0	23.0	24.0	25.0	26.0	27.0
286870	19.0	20.0	21.0	22.0	23.0	24.0	25.0	26.0	27.0
290385	19.0	20.0	21.0	22.0	23.0	24.0	25.0	26.0	27.0
265935	20.0	21.0	22.0	23.0	24.0	25.0	26.0	27.0
290388	20.0	21.0	22.0	23.0	24.0	25.0	26.0	27.0
290389	20.0	21.0	22.0	23.0	24.0	25.0	26.0	27.0
290424	20.0	21.0	22.0	23.0	24.0	25.0	26.0	27.0
290425	20.0	21.0	22.0	23.0	24.0	25.0	26.0	27.0
255328	23.0	24.0	25.0	26.0	27.0
255329	23.0	24.0	25.0	26.0	27.0
290528	23.0	24.0	25.0	26.0	27.0
219535	21.0	22.0	23.0	24.0	25.0	26.0	27.0
255036	21.0	22.0	23.0	24.0	25.0	26.0	27.0
120358	25.0	26.0	27.0
121934	25.0	26.0	27.0
121935	25.0	26.0	27.0
175610	26.0	27.0
131692	23.0	24.0	25.0	26.0	27.0
175958	23.0	24.0	25.0	26.0	27.0
175964	23.0	24.0	25.0	26.0	27.0
194137	23.0	24.0	25.0	26.0	27.0
120233	14.0	15.0	16.0	17.0	18.0	19.0	20.0	21.0	22.0	23.0	24.0	25.0	26.0	27.0
232326	14.0	15.0	16.0	17.0	18.0	19.0	20.0	21.0	22.0	23.0	24.0	25.0	26.0	27.0
295627	14.0	15.0	16.0	17.0	18.0	19.0	20.0	21.0	22.0	23.0	24.0	25.0	26.0	27.0
295628	14.0	15.0	16.0	17.0	18.0	19.0	20.0	21.0	22.0	23.0	24.0	25.0	26.0	27.0
112708	25.0	26.0	27.0
118065	25.0	26.0	27.0
160546	25.0	26.0	27.0
113076	8.0	9.0	10.0	11.0	12.0	13.0	14.0	15.0	16.0	17.0	18.0	19.0	20.0	21.0	22.0	23.0	24.0	25.0	26.0	27.0
214459	8.0	9.0	10.0	11.0	12.0	13.0	14.0	15.0	16.0	17.0	18.0	19.0	20.0	21.0	22.0	23.0	24.0	25.0	26.0	27.0
116727	4.0	5.0	6.0	7.0	8.0	9.0	10.0	11.0	12.0	13.0	14.0	15.0	16.0	17.0	18.0	19.0	20.0	21.0	22.0	23.0	24.0	25.0	26.0	27.0
172641	4.0	5.0	6.0	7.0	8.0	9.0	10.0	11.0	12.0	13.0	14.0	15.0	16.0	17.0	18.0	19.0	20.0	21.0	22.0	23.0	24.0	25.0	26.0	27.0
132920	8.0	9.0	10.0	11.0	12.0	13.0	14.0	15.0	16.0	17.0	18.0	19.0	20.0	21.0	22.0	23.0	24.0	25.0	26.0	27.0
174632	8.0	9.0	10.0	11.0	12.0	13.0	14.0	15.0	16.0	17.0	18.0	19.0	20.0	21.0	22.0	23.0	24.0	25.0	26.0	27.0
175940	8.0	9.0	10.0	11.0	12.0	13.0	14.0	15.0	16.0	17.0	18.0	19.0	20.0	21.0	22.0	23.0	24.0	25.0	26.0	27.0
113393	9.0	10.0	11.0	12.0	13.0	14.0	15.0	16.0	17.0	18.0	19.0	20.0	21.0	22.0	23.0	24.0	25.0	26.0	27.0
141442	9.0	10.0	11.0	12.0	13.0	14.0	15.0	16.0	17.0	18.0	19.0	20.0	21.0	22.0	23.0	24.0	25.0	26.0	27.0
207753	9.0	10.0	11.0	12.0	13.0	14.0	15.0	16.0	17.0	18.0	19.0	20.0	21.0	22.0	23.0	24.0	25.0	26.0	27.0
4172	9.0	10.0	11.0	12.0	13.0	14.0	15.0	16.0	17.0	18.0	19.0	20.0	21.0	22.0	23.0	24.0	25.0	26.0	27.0
135740	9.0	10.0	11.0	12.0	13.0	14.0	15.0	16.0	17.0	18.0	19.0	20.0	21.0	22.0	23.0	24.0	25.0	26.0	27.0
176276	9.0	10.0	11.0	12.0	13.0	14.0	15.0	16.0	17.0	18.0	19.0	20.0	21.0	22.0	23.0	24.0	25.0	26.0	27.0
4391	9.0	10.0	11.0	12.0	13.0	14.0	15.0	16.0	17.0	18.0	19.0	20.0	21.0	22.0	23.0	24.0	25.0	26.0	27.0
4392	9.0	10.0	11.0	12.0	13.0	14.0	15.0	16.0	17.0	18.0	19.0	20.0	21.0	22.0	23.0	24.0	25.0	26.0	27.0
4393	9.0	10.0	11.0	12.0	13.0	14.0	15.0	16.0	17.0	18.0	19.0	20.0	21.0	22.0	23.0	24.0	25.0	26.0	27.0
181252	25.0	26.0	27.0
6277	25.0	26.0	27.0
6278	25.0	26.0	27.0
6279	25.0	26.0	27.0
264399	25.0	26.0	27.0
264400	25.0	26.0	27.0
264401	25.0	26.0	27.0
152667	8.0	9.0	10.0	11.0	12.0	13.0	14.0	15.0	16.0	17.0	18.0	19.0	20.0	21.0	22.0	23.0	24.0	25.0	26.0	27.0
209136	8.0	9.0	10.0	11.0	12.0	13.0	14.0	15.0	16.0	17.0	18.0	19.0	20.0	21.0	22.0	23.0	24.0	25.0	26.0	27.0
6913	8.0	9.0	10.0	11.0	12.0	13.0	14.0	15.0	16.0	17.0	18.0	19.0	20.0	21.0	22.0	23.0	24.0	25.0	26.0	27.0
6914	8.0	9.0	10.0	11.0	12.0	13.0	14.0	15.0	16.0	17.0	18.0	19.0	20.0	21.0	22.0	23.0	24.0	25.0	26.0	27.0
200356	24.0	25.0	26.0	27.0
7458	24.0	25.0	26.0	27.0
126614	22.0	23.0	24.0	25.0	26.0	27.0
7497	22.0	23.0	24.0	25.0	26.0	27.0
112974	18.0	19.0	20.0	21.0	22.0	23.0	24.0	25.0	26.0	27.0
117599	18.0	19.0	20.0	21.0	22.0	23.0	24.0	25.0	26.0	27.0
117600	18.0	19.0	20.0	21.0	22.0	23.0	24.0	25.0	26.0	27.0
197528	9.0	10.0	11.0	12.0	13.0	14.0	15.0	16.0	17.0	18.0	19.0	20.0	21.0	22.0	23.0	24.0	25.0	26.0	27.0
207998	9.0	10.0	11.0	12.0	13.0	14.0	15.0	16.0	17.0	18.0	19.0	20.0	21.0	22.0	23.0	24.0	25.0	26.0	27.0
247155	9.0	10.0	11.0	12.0	13.0	14.0	15.0	16.0	17.0	18.0	19.0	20.0	21.0	22.0	23.0	24.0	25.0	26.0	27.0
14849	9.0	10.0	11.0	12.0	13.0	14.0	15.0	16.0	17.0	18.0	19.0	20.0	21.0	22.0	23.0	24.0	25.0	26.0	27.0
129301	25.0	26.0	27.0
289975	25.0	26.0	27.0
131611	24.0	25.0	26.0	27.0
140671	24.0	25.0	26.0	27.0
113772	24.0	25.0	26.0	27.0
261261	24.0	25.0	26.0	27.0
123526	20.0	21.0	22.0	23.0	24.0	25.0	26.0	27.0
214940	20.0	21.0	22.0	23.0	24.0	25.0	26.0	27.0
285785	20.0	21.0	22.0	23.0	24.0	25.0	26.0	27.0
139458	2.0	3.0	4.0	5.0	6.0	7.0	8.0	9.0	10.0	11.0	12.0	13.0	14.0	15.0	16.0	17.0	18.0	19.0	20.0	21.0	22.0	23.0	24.0	25.0	26.0	27.0
140621	2.0	3.0	4.0	5.0	6.0	7.0	8.0	9.0	10.0	11.0	12.0	13.0	14.0	15.0	16.0	17.0	18.0	19.0	20.0	21.0	22.0	23.0	24.0	25.0	26.0	27.0
169109	2.0	3.0	4.0	5.0	6.0	7.0	8.0	9.0	10.0	11.0	12.0	13.0	14.0	15.0	16.0	17.0	18.0	19.0	20.0	21.0	22.0	23.0	24.0	25.0	26.0	27.0
117276	18.0	19.0	20.0	21.0	22.0	23.0	24.0	25.0	26.0	27.0
282944	2.0	3.0	4.0	5.0	6.0	7.0	8.0	9.0	10.0	11.0	12.0	13.0	14.0	15.0	16.0	17.0	18.0	19.0	20.0	21.0	22.0	23.0	24.0	25.0	26.0	27.0
282947	2.0	3.0	4.0	5.0	6.0	7.0	8.0	9.0	10.0	11.0	12.0	13.0	14.0	15.0	16.0	17.0	18.0	19.0	20.0	21.0	22.0	23.0	24.0	25.0	26.0	27.0
31899	2.0	3.0	4.0	5.0	6.0	7.0	8.0	9.0	10.0	11.0	12.0	13.0	14.0	15.0	16.0	17.0	18.0	19.0	20.0	21.0	22.0	23.0	24.0	25.0	26.0	27.0
31900	2.0	3.0	4.0	5.0	6.0	7.0	8.0	9.0	10.0	11.0	12.0	13.0	14.0	15.0	16.0	17.0	18.0	19.0	20.0	21.0	22.0	23.0	24.0	25.0	26.0	27.0
117796	18.0	19.0	20.0	21.0	22.0	23.0	24.0	25.0	26.0	27.0
279037	18.0	19.0	20.0	21.0	22.0	23.0	24.0	25.0	26.0	27.0
25937	18.0	19.0	20.0	21.0	22.0	23.0	24.0	25.0	26.0	27.0
120324	22.0	23.0	24.0	25.0	26.0	27.0
147830	22.0	23.0	24.0	25.0	26.0	27.0
117058	25.0	26.0	27.0
123772	25.0	26.0	27.0
147354	25.0	26.0	27.0
264975	25.0	26.0	27.0
8236	16.0	17.0	18.0	19.0	20.0	21.0	22.0	23.0	24.0	25.0	26.0	27.0
127691	16.0	17.0	18.0	19.0	20.0	21.0	22.0	23.0	24.0	25.0	26.0	27.0
132165	16.0	17.0	18.0	19.0	20.0	21.0	22.0	23.0	24.0	25.0	26.0	27.0
8259	16.0	17.0	18.0	19.0	20.0	21.0	22.0	23.0	24.0	25.0	26.0	27.0
8260	16.0	17.0	18.0	19.0	20.0	21.0	22.0	23.0	24.0	25.0	26.0	27.0
147646	7.0	8.0	9.0	10.0	11.0	12.0	13.0	14.0	15.0	16.0	17.0	18.0	19.0	20.0	21.0	22.0	23.0	24.0	25.0	26.0	27.0
147647	7.0	8.0	9.0	10.0	11.0	12.0	13.0	14.0	15.0	16.0	17.0	18.0	19.0	20.0	21.0	22.0	23.0	24.0	25.0	26.0	27.0
269658	7.0	8.0	9.0	10.0	11.0	12.0	13.0	14.0	15.0	16.0	17.0	18.0	19.0	20.0	21.0	22.0	23.0	24.0	25.0	26.0	27.0
285112	7.0	8.0	9.0	10.0	11.0	12.0	13.0	14.0	15.0	16.0	17.0	18.0	19.0	20.0	21.0	22.0	23.0	24.0	25.0	26.0	27.0
38958	7.0	8.0	9.0	10.0	11.0	12.0	13.0	14.0	15.0	16.0	17.0	18.0	19.0	20.0	21.0	22.0	23.0	24.0	25.0	26.0	27.0
244512	8.0	9.0	10.0	11.0	12.0	13.0	14.0	15.0	16.0	17.0	18.0	19.0	20.0	21.0	22.0	23.0	24.0	25.0	26.0	27.0
39293	8.0	9.0	10.0	11.0	12.0	13.0	14.0	15.0	16.0	17.0	18.0	19.0	20.0	21.0	22.0	23.0	24.0	25.0	26.0	27.0
39294	8.0	9.0	10.0	11.0	12.0	13.0	14.0	15.0	16.0	17.0	18.0	19.0	20.0	21.0	22.0	23.0	24.0	25.0	26.0	27.0
122988	17.0	18.0	19.0	20.0	21.0	22.0	23.0	24.0	25.0	26.0	27.0
123350	17.0	18.0	19.0	20.0	21.0	22.0	23.0	24.0	25.0	26.0	27.0
5168	17.0	18.0	19.0	20.0	21.0	22.0	23.0	24.0	25.0	26.0	27.0
39456	17.0	18.0	19.0	20.0	21.0	22.0	23.0	24.0	25.0	26.0	27.0
234228	20.0	21.0	22.0	23.0	24.0	25.0	26.0	27.0
39534	20.0	21.0	22.0	23.0	24.0	25.0	26.0	27.0
39535	20.0	21.0	22.0	23.0	24.0	25.0	26.0	27.0
124278	14.0	15.0	16.0	17.0	18.0	19.0	20.0	21.0	22.0	23.0	24.0	25.0	26.0	27.0
139428	14.0	15.0	16.0	17.0	18.0	19.0	20.0	21.0	22.0	23.0	24.0	25.0	26.0	27.0
156690	14.0	15.0	16.0	17.0	18.0	19.0	20.0	21.0	22.0	23.0	24.0	25.0	26.0	27.0
196176	14.0	15.0	16.0	17.0	18.0	19.0	20.0	21.0	22.0	23.0	24.0	25.0	26.0	27.0
171050	24.0	25.0	26.0	27.0
171051	24.0	25.0	26.0	27.0
176038	24.0	25.0	26.0	27.0
176039	24.0	25.0	26.0	27.0
39888	24.0	25.0	26.0	27.0
122976	17.0	18.0	19.0	20.0	21.0	22.0	23.0	24.0	25.0	26.0	27.0
123821	17.0	18.0	19.0	20.0	21.0	22.0	23.0	24.0	25.0	26.0	27.0
138414	17.0	18.0	19.0	20.0	21.0	22.0	23.0	24.0	25.0	26.0	27.0
39951	17.0	18.0	19.0	20.0	21.0	22.0	23.0	24.0	25.0	26.0	27.0
121325	15.0	16.0	17.0	18.0	19.0	20.0	21.0	22.0	23.0	24.0	25.0	26.0	27.0
174795	15.0	16.0	17.0	18.0	19.0	20.0	21.0	22.0	23.0	24.0	25.0	26.0	27.0
260334	15.0	16.0	17.0	18.0	19.0	20.0	21.0	22.0	23.0	24.0	25.0	26.0	27.0
34317	15.0	16.0	17.0	18.0	19.0	20.0	21.0	22.0	23.0	24.0	25.0	26.0	27.0
39953	15.0	16.0	17.0	18.0	19.0	20.0	21.0	22.0	23.0	24.0	25.0	26.0	27.0
123543	9.0	10.0	11.0	12.0	13.0	14.0	15.0	16.0	17.0	18.0	19.0	20.0	21.0	22.0	23.0	24.0	25.0	26.0	27.0
148004	9.0	10.0	11.0	12.0	13.0	14.0	15.0	16.0	17.0	18.0	19.0	20.0	21.0	22.0	23.0	24.0	25.0	26.0	27.0
40041	9.0	10.0	11.0	12.0	13.0	14.0	15.0	16.0	17.0	18.0	19.0	20.0	21.0	22.0	23.0	24.0	25.0	26.0	27.0
198006	17.0	18.0	19.0	20.0	21.0	22.0	23.0	24.0	25.0	26.0	27.0
40179	17.0	18.0	19.0	20.0	21.0	22.0	23.0	24.0	25.0	26.0	27.0
124330	18.0	19.0	20.0	21.0	22.0	23.0	24.0	25.0	26.0	27.0
203323	18.0	19.0	20.0	21.0	22.0	23.0	24.0	25.0	26.0	27.0
210676	18.0	19.0	20.0	21.0	22.0	23.0	24.0	25.0	26.0	27.0
238677	18.0	19.0	20.0	21.0	22.0	23.0	24.0	25.0	26.0	27.0
120846	20.0	21.0	22.0	23.0	24.0	25.0	26.0	27.0
204215	17.0	18.0	19.0	20.0	21.0	22.0	23.0	24.0	25.0	26.0	27.0
204216	17.0	18.0	19.0	20.0	21.0	22.0	23.0	24.0	25.0	26.0	27.0
214212	20.0	21.0	22.0	23.0	24.0	25.0	26.0	27.0
214940	20.0	21.0	22.0	23.0	24.0	25.0	26.0	27.0
241180	20.0	21.0	22.0	23.0	24.0	25.0	26.0	27.0
215034	4.0	5.0	6.0	7.0	8.0	9.0	10.0	11.0	12.0	13.0	14.0	15.0	16.0	17.0	18.0	19.0	20.0	21.0	22.0	23.0	24.0	25.0	26.0	27.0
175259	12.0	13.0	14.0	15.0	16.0	17.0	18.0	19.0	20.0	21.0	22.0	23.0	24.0	25.0	26.0	27.0
44009	12.0	13.0	14.0	15.0	16.0	17.0	18.0	19.0	20.0	21.0	22.0	23.0	24.0	25.0	26.0	27.0
165686	25.0	26.0	27.0
165688	25.0	26.0	27.0
44595	25.0	26.0	27.0
44596	25.0	26.0	27.0
175171	25.0	26.0	27.0
217675	25.0	26.0	27.0
231552	25.0	26.0	27.0
126711	13.0	14.0	15.0	16.0	17.0	18.0	19.0	20.0	21.0	22.0	23.0	24.0	25.0	26.0	27.0
135730	13.0	14.0	15.0	16.0	17.0	18.0	19.0	20.0	21.0	22.0	23.0	24.0	25.0	26.0	27.0
208261	13.0	14.0	15.0	16.0	17.0	18.0	19.0	20.0	21.0	22.0	23.0	24.0	25.0	26.0	27.0
290233	13.0	14.0	15.0	16.0	17.0	18.0	19.0	20.0	21.0	22.0	23.0	24.0	25.0	26.0	27.0
138611	14.0	15.0	16.0	17.0	18.0	19.0	20.0	21.0	22.0	23.0	24.0	25.0	26.0	27.0
138612	14.0	15.0	16.0	17.0	18.0	19.0	20.0	21.0	22.0	23.0	24.0	25.0	26.0	27.0
138613	14.0	15.0	16.0	17.0	18.0	19.0	20.0	21.0	22.0	23.0	24.0	25.0	26.0	27.0
45828	14.0	15.0	16.0	17.0	18.0	19.0	20.0	21.0	22.0	23.0	24.0	25.0	26.0	27.0
123525	15.0	16.0	17.0	18.0	19.0	20.0	21.0	22.0	23.0	24.0	25.0	26.0	27.0
123588	15.0	16.0	17.0	18.0	19.0	20.0	21.0	22.0	23.0	24.0	25.0	26.0	27.0
123595	15.0	16.0	17.0	18.0	19.0	20.0	21.0	22.0	23.0	24.0	25.0	26.0	27.0
132920	24.0	25.0	26.0	27.0
174632	24.0	25.0	26.0	27.0
175940	24.0	25.0	26.0	27.0
142974	14.0	15.0	16.0	17.0	18.0	19.0	20.0	21.0	22.0	23.0	24.0	25.0	26.0	27.0
259687	14.0	15.0	16.0	17.0	18.0	19.0	20.0	21.0	22.0	23.0	24.0	25.0	26.0	27.0
260146	14.0	15.0	16.0	17.0	18.0	19.0	20.0	21.0	22.0	23.0	24.0	25.0	26.0	27.0
50147	14.0	15.0	16.0	17.0	18.0	19.0	20.0	21.0	22.0	23.0	24.0	25.0	26.0	27.0
121361	3.0	4.0	5.0	6.0	7.0	8.0	9.0	10.0	11.0	12.0	13.0	14.0	15.0	16.0	17.0	18.0	19.0	20.0	21.0	22.0	23.0	24.0	25.0	26.0	27.0
121364	3.0	4.0	5.0	6.0	7.0	8.0	9.0	10.0	11.0	12.0	13.0	14.0	15.0	16.0	17.0	18.0	19.0	20.0	21.0	22.0	23.0	24.0	25.0	26.0	27.0
147737	3.0	4.0	5.0	6.0	7.0	8.0	9.0	10.0	11.0	12.0	13.0	14.0	15.0	16.0	17.0	18.0	19.0	20.0	21.0	22.0	23.0	24.0	25.0	26.0	27.0
178380	3.0	4.0	5.0	6.0	7.0	8.0	9.0	10.0	11.0	12.0	13.0	14.0	15.0	16.0	17.0	18.0	19.0	20.0	21.0	22.0	23.0	24.0	25.0	26.0	27.0
210237	3.0	4.0	5.0	6.0	7.0	8.0	9.0	10.0	11.0	12.0	13.0	14.0	15.0	16.0	17.0	18.0	19.0	20.0	21.0	22.0	23.0	24.0	25.0	26.0	27.0
118672	27.0
145341	27.0
126338	13.0	14.0	15.0	16.0	17.0	18.0	19.0	20.0	21.0	22.0	23.0	24.0	25.0	26.0	27.0
185648	13.0	14.0	15.0	16.0	17.0	18.0	19.0	20.0	21.0	22.0	23.0	24.0	25.0	26.0	27.0
205922	13.0	14.0	15.0	16.0	17.0	18.0	19.0	20.0	21.0	22.0	23.0	24.0	25.0	26.0	27.0
54171	13.0	14.0	15.0	16.0	17.0	18.0	19.0	20.0	21.0	22.0	23.0	24.0	25.0	26.0	27.0
114290	14.0	15.0	16.0	17.0	18.0	19.0	20.0	21.0	22.0	23.0	24.0	25.0	26.0	27.0
117172	25.0	26.0	27.0
117173	25.0	26.0	27.0
117174	25.0	26.0	27.0
117175	25.0	26.0	27.0
232703	25.0	26.0	27.0
61020	25.0	26.0	27.0
62622	25.0	26.0	27.0
127589	19.0	20.0	21.0	22.0	23.0	24.0	25.0	26.0	27.0
146498	19.0	20.0	21.0	22.0	23.0	24.0	25.0	26.0	27.0
171081	19.0	20.0	21.0	22.0	23.0	24.0	25.0	26.0	27.0
231956	19.0	20.0	21.0	22.0	23.0	24.0	25.0	26.0	27.0
121650	22.0	23.0	24.0	25.0	26.0	27.0
192712	22.0	23.0	24.0	25.0	26.0	27.0
120436	23.0	24.0	25.0	26.0	27.0
149962	23.0	24.0	25.0	26.0	27.0
133474	18.0	19.0	20.0	21.0	22.0	23.0	24.0	25.0	26.0	27.0
175451	18.0	19.0	20.0	21.0	22.0	23.0	24.0	25.0	26.0	27.0
173016	21.0	22.0	23.0	24.0	25.0	26.0	27.0
173017	21.0	22.0	23.0	24.0	25.0	26.0	27.0
244665	21.0	22.0	23.0	24.0	25.0	26.0	27.0
117729	24.0	25.0	26.0	27.0
139115	24.0	25.0	26.0	27.0
34961	24.0	25.0	26.0	27.0
35141	24.0	25.0	26.0	27.0
123985	12.0	13.0	14.0	15.0	16.0	17.0	18.0	19.0	20.0	21.0	22.0	23.0	24.0	25.0	26.0	27.0
123986	12.0	13.0	14.0	15.0	16.0	17.0	18.0	19.0	20.0	21.0	22.0	23.0	24.0	25.0	26.0	27.0
275945	12.0	13.0	14.0	15.0	16.0	17.0	18.0	19.0	20.0	21.0	22.0	23.0	24.0	25.0	26.0	27.0
70535	12.0	13.0	14.0	15.0	16.0	17.0	18.0	19.0	20.0	21.0	22.0	23.0	24.0	25.0	26.0	27.0
144439	8.0	9.0	10.0	11.0	12.0	13.0	14.0	15.0	16.0	17.0	18.0	19.0	20.0	21.0	22.0	23.0	24.0	25.0	26.0	27.0
114232	10.0	11.0	12.0	13.0	14.0	15.0	16.0	17.0	18.0	19.0	20.0	21.0	22.0	23.0	24.0	25.0	26.0	27.0
150610	10.0	11.0	12.0	13.0	14.0	15.0	16.0	17.0	18.0	19.0	20.0	21.0	22.0	23.0	24.0	25.0	26.0	27.0
150702	10.0	11.0	12.0	13.0	14.0	15.0	16.0	17.0	18.0	19.0	20.0	21.0	22.0	23.0	24.0	25.0	26.0	27.0
161275	10.0	11.0	12.0	13.0	14.0	15.0	16.0	17.0	18.0	19.0	20.0	21.0	22.0	23.0	24.0	25.0	26.0	27.0
174665	10.0	11.0	12.0	13.0	14.0	15.0	16.0	17.0	18.0	19.0	20.0	21.0	22.0	23.0	24.0	25.0	26.0	27.0
118606	10.0	11.0	12.0	13.0	14.0	15.0	16.0	17.0	18.0	19.0	20.0	21.0	22.0	23.0	24.0	25.0	26.0	27.0
124278	10.0	11.0	12.0	13.0	14.0	15.0	16.0	17.0	18.0	19.0	20.0	21.0	22.0	23.0	24.0	25.0	26.0	27.0
139428	10.0	11.0	12.0	13.0	14.0	15.0	16.0	17.0	18.0	19.0	20.0	21.0	22.0	23.0	24.0	25.0	26.0	27.0
74414	10.0	11.0	12.0	13.0	14.0	15.0	16.0	17.0	18.0	19.0	20.0	21.0	22.0	23.0	24.0	25.0	26.0	27.0
126700	19.0	20.0	21.0	22.0	23.0	24.0	25.0	26.0	27.0
145066	19.0	20.0	21.0	22.0	23.0	24.0	25.0	26.0	27.0
221113	19.0	20.0	21.0	22.0	23.0	24.0	25.0	26.0	27.0
247590	19.0	20.0	21.0	22.0	23.0	24.0	25.0	26.0	27.0
123014	16.0	17.0	18.0	19.0	20.0	21.0	22.0	23.0	24.0	25.0	26.0	27.0
145066	16.0	17.0	18.0	19.0	20.0	21.0	22.0	23.0	24.0	25.0	26.0	27.0
202917	16.0	17.0	18.0	19.0	20.0	21.0	22.0	23.0	24.0	25.0	26.0	27.0
121841	4.0	5.0	6.0	7.0	8.0	9.0	10.0	11.0	12.0	13.0	14.0	15.0	16.0	17.0	18.0	19.0	20.0	21.0	22.0	23.0	24.0	25.0	26.0	27.0
142970	23.0	24.0	25.0	26.0	27.0
240220	23.0	24.0	25.0	26.0	27.0
240221	23.0	24.0	25.0	26.0	27.0
240222	23.0	24.0	25.0	26.0	27.0
256488	23.0	24.0	25.0	26.0	27.0
256489	23.0	24.0	25.0	26.0	27.0
120443	19.0	20.0	21.0	22.0	23.0	24.0	25.0	26.0	27.0
120444	19.0	20.0	21.0	22.0	23.0	24.0	25.0	26.0	27.0
131204	19.0	20.0	21.0	22.0	23.0	24.0	25.0	26.0	27.0
131205	19.0	20.0	21.0	22.0	23.0	24.0	25.0	26.0	27.0
251476	18.0	19.0	20.0	21.0	22.0	23.0	24.0	25.0	26.0	27.0
286960	18.0	19.0	20.0	21.0	22.0	23.0	24.0	25.0	26.0	27.0
76901	18.0	19.0	20.0	21.0	22.0	23.0	24.0	25.0	26.0	27.0
76902	18.0	19.0	20.0	21.0	22.0	23.0	24.0	25.0	26.0	27.0
117278	17.0	18.0	19.0	20.0	21.0	22.0	23.0	24.0	25.0	26.0	27.0
130104	17.0	18.0	19.0	20.0	21.0	22.0	23.0	24.0	25.0	26.0	27.0
121977	19.0	20.0	21.0	22.0	23.0	24.0	25.0	26.0	27.0
232341	19.0	20.0	21.0	22.0	23.0	24.0	25.0	26.0	27.0
292737	19.0	20.0	21.0	22.0	23.0	24.0	25.0	26.0	27.0
117998	22.0	23.0	24.0	25.0	26.0	27.0
180773	18.0	19.0	20.0	21.0	22.0	23.0	24.0	25.0	26.0	27.0
79202	18.0	19.0	20.0	21.0	22.0	23.0	24.0	25.0	26.0	27.0
79203	18.0	19.0	20.0	21.0	22.0	23.0	24.0	25.0	26.0	27.0
204660	23.0	24.0	25.0	26.0	27.0
17519	23.0	24.0	25.0	26.0	27.0
79438	23.0	24.0	25.0	26.0	27.0
143194	21.0	22.0	23.0	24.0	25.0	26.0	27.0
80039	21.0	22.0	23.0	24.0	25.0	26.0	27.0
212803	25.0	26.0	27.0
280961	25.0	26.0	27.0
16072	25.0	26.0	27.0
238451	14.0	15.0	16.0	17.0	18.0	19.0	20.0	21.0	22.0	23.0	24.0	25.0	26.0	27.0
81544	14.0	15.0	16.0	17.0	18.0	19.0	20.0	21.0	22.0	23.0	24.0	25.0	26.0	27.0
147646	20.0	21.0	22.0	23.0	24.0	25.0	26.0	27.0
39037	20.0	21.0	22.0	23.0	24.0	25.0	26.0	27.0
132846	20.0	21.0	22.0	23.0	24.0	25.0	26.0	27.0
132848	20.0	21.0	22.0	23.0	24.0	25.0	26.0	27.0
190678	20.0	21.0	22.0	23.0	24.0	25.0	26.0	27.0
283969	20.0	21.0	22.0	23.0	24.0	25.0	26.0	27.0
83727	20.0	21.0	22.0	23.0	24.0	25.0	26.0	27.0
83728	20.0	21.0	22.0	23.0	24.0	25.0	26.0	27.0
147906	24.0	25.0	26.0	27.0
189037	23.0	24.0	25.0	26.0	27.0
156805	24.0	25.0	26.0	27.0
200968	24.0	25.0	26.0	27.0
290189	24.0	25.0	26.0	27.0
86857	24.0	25.0	26.0	27.0
86858	24.0	25.0	26.0	27.0
86859	24.0	25.0	26.0	27.0
131083	26.0	27.0
131799	26.0	27.0
143797	26.0	27.0
145026	24.0	25.0	26.0	27.0
246392	24.0	25.0	26.0	27.0
132794	22.0	23.0	24.0	25.0	26.0	27.0
147734	22.0	23.0	24.0	25.0	26.0	27.0
203538	22.0	23.0	24.0	25.0	26.0	27.0
118476	26.0	27.0
120423	26.0	27.0
197476	26.0	27.0
197488	26.0	27.0
87149	26.0	27.0
118605	19.0	20.0	21.0	22.0	23.0	24.0	25.0	26.0	27.0
118606	19.0	20.0	21.0	22.0	23.0	24.0	25.0	26.0	27.0
150716	19.0	20.0	21.0	22.0	23.0	24.0	25.0	26.0	27.0
185936	19.0	20.0	21.0	22.0	23.0	24.0	25.0	26.0	27.0
224431	19.0	20.0	21.0	22.0	23.0	24.0	25.0	26.0	27.0
224432	19.0	20.0	21.0	22.0	23.0	24.0	25.0	26.0	27.0
243841	19.0	20.0	21.0	22.0	23.0	24.0	25.0	26.0	27.0
51161	19.0	20.0	21.0	22.0	23.0	24.0	25.0	26.0	27.0
117684	19.0	20.0	21.0	22.0	23.0	24.0	25.0	26.0	27.0
117771	19.0	20.0	21.0	22.0	23.0	24.0	25.0	26.0	27.0
118468	19.0	20.0	21.0	22.0	23.0	24.0	25.0	26.0	27.0
14231	19.0	20.0	21.0	22.0	23.0	24.0	25.0	26.0	27.0
87625	19.0	20.0	21.0	22.0	23.0	24.0	25.0	26.0	27.0
121234	22.0	23.0	24.0	25.0	26.0	27.0
174062	22.0	23.0	24.0	25.0	26.0	27.0
209299	22.0	23.0	24.0	25.0	26.0	27.0
119057	23.0	24.0	25.0	26.0	27.0
114847	22.0	23.0	24.0	25.0	26.0	27.0
114849	22.0	23.0	24.0	25.0	26.0	27.0
115551	22.0	23.0	24.0	25.0	26.0	27.0
188724	21.0	22.0	23.0	24.0	25.0	26.0	27.0
235628	21.0	22.0	23.0	24.0	25.0	26.0	27.0
235629	21.0	22.0	23.0	24.0	25.0	26.0	27.0
90779	21.0	22.0	23.0	24.0	25.0	26.0	27.0
90780	21.0	22.0	23.0	24.0	25.0	26.0	27.0
296827	21.0	22.0	23.0	24.0	25.0	26.0	27.0
91060	21.0	22.0	23.0	24.0	25.0	26.0	27.0
91061	21.0	22.0	23.0	24.0	25.0	26.0	27.0
150679	21.0	22.0	23.0	24.0	25.0	26.0	27.0
91551	21.0	22.0	23.0	24.0	25.0	26.0	27.0
5045	22.0	23.0	24.0	25.0	26.0	27.0
91631	22.0	23.0	24.0	25.0	26.0	27.0
91632	22.0	23.0	24.0	25.0	26.0	27.0
91633	22.0	23.0	24.0	25.0	26.0	27.0
117686	22.0	23.0	24.0	25.0	26.0	27.0
118305	22.0	23.0	24.0	25.0	26.0	27.0
131315	22.0	23.0	24.0	25.0	26.0	27.0
150599	22.0	23.0	24.0	25.0	26.0	27.0
150709	22.0	23.0	24.0	25.0	26.0	27.0
161564	22.0	23.0	24.0	25.0	26.0	27.0
143194	24.0	25.0	26.0	27.0
153392	24.0	25.0	26.0	27.0
259697	24.0	25.0	26.0	27.0
92768	24.0	25.0	26.0	27.0
124076	15.0	16.0	17.0	18.0	19.0	20.0	21.0	22.0	23.0	24.0	25.0	26.0	27.0
124077	15.0	16.0	17.0	18.0	19.0	20.0	21.0	22.0	23.0	24.0	25.0	26.0	27.0
93249	15.0	16.0	17.0	18.0	19.0	20.0	21.0	22.0	23.0	24.0	25.0	26.0	27.0
93250	15.0	16.0	17.0	18.0	19.0	20.0	21.0	22.0	23.0	24.0	25.0	26.0	27.0
114232	18.0	19.0	20.0	21.0	22.0	23.0	24.0	25.0	26.0	27.0
150610	18.0	19.0	20.0	21.0	22.0	23.0	24.0	25.0	26.0	27.0
150702	18.0	19.0	20.0	21.0	22.0	23.0	24.0	25.0	26.0	27.0
161275	18.0	19.0	20.0	21.0	22.0	23.0	24.0	25.0	26.0	27.0
174665	18.0	19.0	20.0	21.0	22.0	23.0	24.0	25.0	26.0	27.0
146233	18.0	19.0	20.0	21.0	22.0	23.0	24.0	25.0	26.0	27.0
147886	18.0	19.0	20.0	21.0	22.0	23.0	24.0	25.0	26.0	27.0
151541	18.0	19.0	20.0	21.0	22.0	23.0	24.0	25.0	26.0	27.0
151568	18.0	19.0	20.0	21.0	22.0	23.0	24.0	25.0	26.0	27.0
156706	18.0	19.0	20.0	21.0	22.0	23.0	24.0	25.0	26.0	27.0
270555	18.0	19.0	20.0	21.0	22.0	23.0	24.0	25.0	26.0	27.0
129974	18.0	19.0	20.0	21.0	22.0	23.0	24.0	25.0	26.0	27.0
127196	5.0	6.0	7.0	8.0	9.0	10.0	11.0	12.0	13.0	14.0	15.0	16.0	17.0	18.0	19.0	20.0	21.0	22.0	23.0	24.0	25.0	26.0	27.0
127371	5.0	6.0	7.0	8.0	9.0	10.0	11.0	12.0	13.0	14.0	15.0	16.0	17.0	18.0	19.0	20.0	21.0	22.0	23.0	24.0	25.0	26.0	27.0
37356	22.0	23.0	24.0	25.0	26.0	27.0
95439	22.0	23.0	24.0	25.0	26.0	27.0
95440	22.0	23.0	24.0	25.0	26.0	27.0
224401	25.0	26.0	27.0
224402	25.0	26.0	27.0
155140	25.0	26.0	27.0
213598	25.0	26.0	27.0
240900	25.0	26.0	27.0
240902	25.0	26.0	27.0
97056	25.0	26.0	27.0
155035	22.0	23.0	24.0	25.0	26.0	27.0
97449	22.0	23.0	24.0	25.0	26.0	27.0
201626	26.0	27.0
212028	26.0	27.0
248101	26.0	27.0
144237	20.0	21.0	22.0	23.0	24.0	25.0	26.0	27.0
144238	20.0	21.0	22.0	23.0	24.0	25.0	26.0	27.0
116062	25.0	26.0	27.0
143246	25.0	26.0	27.0
269714	25.0	26.0	27.0
654	25.0	26.0	27.0
121325	18.0	19.0	20.0	21.0	22.0	23.0	24.0	25.0	26.0	27.0
122578	18.0	19.0	20.0	21.0	22.0	23.0	24.0	25.0	26.0	27.0
124000	18.0	19.0	20.0	21.0	22.0	23.0	24.0	25.0	26.0	27.0
253639	18.0	19.0	20.0	21.0	22.0	23.0	24.0	25.0	26.0	27.0
292732	18.0	19.0	20.0	21.0	22.0	23.0	24.0	25.0	26.0	27.0
102905	18.0	19.0	20.0	21.0	22.0	23.0	24.0	25.0	26.0	27.0
122493	14.0	15.0	16.0	17.0	18.0	19.0	20.0	21.0	22.0	23.0	24.0	25.0	26.0	27.0
122506	14.0	15.0	16.0	17.0	18.0	19.0	20.0	21.0	22.0	23.0	24.0	25.0	26.0	27.0
186098	14.0	15.0	16.0	17.0	18.0	19.0	20.0	21.0	22.0	23.0	24.0	25.0	26.0	27.0
290409	14.0	15.0	16.0	17.0	18.0	19.0	20.0	21.0	22.0	23.0	24.0	25.0	26.0	27.0
135224	22.0	23.0	24.0	25.0	26.0	27.0
77814	22.0	23.0	24.0	25.0	26.0	27.0
104544	22.0	23.0	24.0	25.0	26.0	27.0
121990	21.0	22.0	23.0	24.0	25.0	26.0	27.0
132978	21.0	22.0	23.0	24.0	25.0	26.0	27.0
186038	21.0	22.0	23.0	24.0	25.0	26.0	27.0
186039	21.0	22.0	23.0	24.0	25.0	26.0	27.0
259956	21.0	22.0	23.0	24.0	25.0	26.0	27.0
243809	26.0	27.0
19165	26.0	27.0
105022	26.0	27.0
105023	26.0	27.0
105024	26.0	27.0
132755	24.0	25.0	26.0	27.0
140026	24.0	25.0	26.0	27.0
74621	24.0	25.0	26.0	27.0
204216	21.0	22.0	23.0	24.0	25.0	26.0	27.0
263670	21.0	22.0	23.0	24.0	25.0	26.0	27.0
105322	21.0	22.0	23.0	24.0	25.0	26.0	27.0
90524	16.0	17.0	18.0	19.0	20.0	21.0	22.0	23.0	24.0	25.0	26.0	27.0
106357	16.0	17.0	18.0	19.0	20.0	21.0	22.0	23.0	24.0	25.0	26.0	27.0
106358	16.0	17.0	18.0	19.0	20.0	21.0	22.0	23.0	24.0	25.0	26.0	27.0
106359	16.0	17.0	18.0	19.0	20.0	21.0	22.0	23.0	24.0	25.0	26.0	27.0
106360	16.0	17.0	18.0	19.0	20.0	21.0	22.0	23.0	24.0	25.0	26.0	27.0
291949	23.0	24.0	25.0	26.0	27.0
102163	23.0	24.0	25.0	26.0	27.0
102164	23.0	24.0	25.0	26.0	27.0
106698	23.0	24.0	25.0	26.0	27.0
204091	7.0	8.0	9.0	10.0	11.0	12.0	13.0	14.0	15.0	16.0	17.0	18.0	19.0	20.0	21.0	22.0	23.0	24.0	25.0	26.0	27.0
5940	7.0	8.0	9.0	10.0	11.0	12.0	13.0	14.0	15.0	16.0	17.0	18.0	19.0	20.0	21.0	22.0	23.0	24.0	25.0	26.0	27.0
107055	7.0	8.0	9.0	10.0	11.0	12.0	13.0	14.0	15.0	16.0	17.0	18.0	19.0	20.0	21.0	22.0	23.0	24.0	25.0	26.0	27.0
107056	7.0	8.0	9.0	10.0	11.0	12.0	13.0	14.0	15.0	16.0	17.0	18.0	19.0	20.0	21.0	22.0	23.0	24.0	25.0	26.0	27.0
107057	7.0	8.0	9.0	10.0	11.0	12.0	13.0	14.0	15.0	16.0	17.0	18.0	19.0	20.0	21.0	22.0	23.0	24.0	25.0	26.0	27.0
195648	17.0	18.0	19.0	20.0	21.0	22.0	23.0	24.0	25.0	26.0	27.0
165882	23.0	24.0	25.0	26.0	27.0
107641	23.0	24.0	25.0	26.0	27.0
107642	23.0	24.0	25.0	26.0	27.0
141024	23.0	24.0	25.0	26.0	27.0
184945	23.0	24.0	25.0	26.0	27.0
184947	23.0	24.0	25.0	26.0	27.0
106171	23.0	24.0	25.0	26.0	27.0
210303	25.0	26.0	27.0
35650	25.0	26.0	27.0
108104	25.0	26.0	27.0
205702	24.0	25.0	26.0	27.0
205703	24.0	25.0	26.0	27.0
109532	24.0	25.0	26.0	27.0
109533	24.0	25.0	26.0	27.0
109534	24.0	25.0	26.0	27.0
117007	6.0	7.0	8.0	9.0	10.0	11.0	12.0	13.0	14.0	15.0	16.0	17.0	18.0	19.0	20.0	21.0	22.0	23.0	24.0	25.0	26.0	27.0
296010	6.0	7.0	8.0	9.0	10.0	11.0	12.0	13.0	14.0	15.0	16.0	17.0	18.0	19.0	20.0	21.0	22.0	23.0	24.0	25.0	26.0	27.0
127499	25.0	26.0	27.0
149873	25.0	26.0	27.0
192309	25.0	26.0	27.0
264038	25.0	26.0	27.0
120820	25.0	26.0	27.0
111071	25.0	26.0	27.0
111072	25.0	26.0	27.0
111073	25.0	26.0	27.0
32090	24.0	25.0	26.0	27.0
32091	24.0	25.0	26.0	27.0
32092	24.0	25.0	26.0	27.0
47602	24.0	25.0	26.0	27.0
